Circ ((202.7,96.6)(202.7,102.8))
Rect ((79.7,120)(283.1,79.7))
Rect ((73,126.7)(289.7,73.1))
Rect ((159.5,102.4)(175.1,100.2))
Rect ((230.4,101.5)(245.9,99.4))
Line ((253,105)(259,112)(267,105)(252,90)(267,90))
Line ((208,112)(217,90)(225,112))
Line ((193,108)(185,112)(180,108)(180,95)(185,90)(193,95))
Line ((152,107)(147,112)(141,105)(155,96)(148,90)(141,94))
Line ((138,90)(124,98)(137,105)(124,112)(124,90))
Line ((104,107)(98,112)(93,105)(107,96)(100,90)(92,94))
Line ((118,90)(113,112)(108,90))
Line ((111,99)(117,99))
Line ((189,316)(193,306)(204,305)(223,333)(220,298)(227,294)(265,324)(236,287)(244,275)(260,274)(250,266)(251,257)(305,267)(254,248)(290,238)
      (252,237)(251,221)(261,215)(247,210)(242,200)(288,176)(237,190)(231,185)(245,158)(224,179)(224,167)(217,175)(207,171)(205,138)(199,168)
      (187,166)(171,138)(177,167)(163,170)(145,136)(154,173)(147,176)(140,172)(141,180)(129,175)(134,184)(129,189)(103,163)(123,192)(119,199)
      (89,190)(115,204)(111,212)(95,214)(112,219)(99,225)(111,226)(110,238)(56,236)(111,246)(113,257)(65,287)(117,263)(96,286)(123,276)(133,287)
      (110,329)(137,293)(146,299)(145,312)(152,302)(158,305)(156,338)(168,306)(181,308)(189,316))